6 5 9 4 2 5 4 3 3 4 
3 8 5 6 9 6 5 8 2 2 
6 3 7 5 6 6 7 2 8 4 
7 2 5 2 4 4 7 2 5 7 
7 4 6 8 4 9 6 5 8 9 
5 2 7 8 6 3 5 7 5 6 
3 2 8 7 9 5 2 8 3 2 
7 9 9 3 9 9 2 2 4 5 
5 9 5 7 9 5 9 6 6 5 
6 3 9 4 8 6 2 6 3 7 
0
--------------------------------------------------
8 8 1 7 4 7 6 5 5 5 
5 0 8 9 0 8 7 0 5 4 
8 5 9 7 8 8 9 6 1 8 
8 4 8 5 7 6 9 6 0 1 
8 7 0 2 9 1 8 8 1 0 
6 6 2 1 3 8 8 9 8 9 
6 8 3 0 1 0 5 9 4 3 
0 3 3 2 6 4 7 4 5 6 
9 4 3 5 8 1 3 8 7 6 
8 7 3 0 2 1 6 8 4 8 
35
--------------------------------------------------
0 0 6 0 9 1 0 8 6 6 
8 5 0 0 8 0 2 5 7 5 
9 9 5 4 6 1 6 1 4 9 
9 7 2 2 2 1 7 2 4 2 
9 9 3 7 3 9 1 2 7 3 
7 7 3 3 6 3 4 4 3 2 
7 9 4 1 3 5 2 7 2 9 
2 5 4 3 7 7 2 0 2 0 
2 8 5 6 9 3 8 5 1 2 
1 0 5 1 3 2 9 1 0 2 
115
--------------------------------------------------
2 2 7 2 0 3 1 9 7 7 
0 9 2 2 10 2 3 6 9 7 
0 2 8 5 7 2 7 2 6 0 
2 3 6 3 3 2 8 3 6 4 
3 4 7 8 4 10 2 3 8 4 
0 2 7 4 7 4 5 5 5 4 
1 3 7 2 4 6 3 8 4 0 
5 8 6 4 8 8 3 1 4 2 
3 9 6 7 10 5 10 7 2 3 
2 1 6 2 4 4 0 3 1 3 
210
--------------------------------------------------
3 3 8 3 1 4 3 1 2 0 
1 10 3 3 11 3 5 10 4 1 
1 3 9 6 8 3 8 4 9 3 
3 4 7 4 4 3 9 4 7 5 
4 5 8 9 5 11 3 4 9 5 
1 3 8 5 8 5 6 6 6 5 
2 4 8 3 5 7 4 9 5 1 
6 9 7 5 9 9 4 2 5 3 
4 10 7 8 11 6 11 8 3 4 
3 2 7 3 5 5 1 4 2 4 
310
--------------------------------------------------
4 4 9 4 2 5 4 2 3 1 
2 11 4 4 12 4 6 11 5 2 
2 4 10 7 9 4 9 5 10 4 
4 5 8 5 5 4 10 5 8 6 
5 6 9 10 6 12 4 5 10 6 
2 4 9 6 9 6 7 7 7 6 
3 5 9 4 6 8 5 10 6 2 
7 10 8 6 10 10 5 3 6 4 
5 11 8 9 12 7 12 9 4 5 
4 3 8 4 6 6 2 5 3 5 
410
--------------------------------------------------
5 5 10 5 3 6 5 3 4 2 
3 12 5 5 13 5 7 12 6 3 
3 5 11 8 10 5 10 6 11 5 
5 6 9 6 6 5 11 6 9 7 
6 7 10 11 7 13 5 6 11 7 
3 5 10 7 10 7 8 8 8 7 
4 6 10 5 7 9 6 11 7 3 
8 11 9 7 11 11 6 4 7 5 
6 12 9 10 13 8 13 10 5 6 
5 4 9 5 7 7 3 6 4 6 
510
--------------------------------------------------
6 6 11 6 4 7 6 4 5 3 
4 13 6 6 14 6 8 13 7 4 
4 6 12 9 11 6 11 7 12 6 
6 7 10 7 7 6 12 7 10 8 
7 8 11 12 8 14 6 7 12 8 
4 6 11 8 11 8 9 9 9 8 
5 7 11 6 8 10 7 12 8 4 
9 12 10 8 12 12 7 5 8 6 
7 13 10 11 14 9 14 11 6 7 
6 5 10 6 8 8 4 7 5 7 
610
--------------------------------------------------
7 7 12 7 5 8 7 5 6 4 
5 14 7 7 15 7 9 14 8 5 
5 7 13 10 12 7 12 8 13 7 
7 8 11 8 8 7 13 8 11 9 
8 9 12 13 9 15 7 8 13 9 
5 7 12 9 12 9 10 10 10 9 
6 8 12 7 9 11 8 13 9 5 
10 13 11 9 13 13 8 6 9 7 
8 14 11 12 15 10 15 12 7 8 
7 6 11 7 9 9 5 8 6 8 
710
--------------------------------------------------
8 8 13 8 6 9 8 6 7 5 
6 15 8 8 16 8 10 15 9 6 
6 8 14 11 13 8 13 9 14 8 
8 9 12 9 9 8 14 9 12 10 
9 10 13 14 10 16 8 9 14 10 
6 8 13 10 13 10 11 11 11 10 
7 9 13 8 10 12 9 14 10 6 
11 14 12 10 14 14 9 7 10 8 
9 15 12 13 16 11 16 13 8 9 
8 7 12 8 10 10 6 9 7 9 
810
--------------------------------------------------
9 9 14 9 7 10 9 7 8 6 
7 16 9 9 17 9 11 16 10 7 
7 9 15 12 14 9 14 10 15 9 
9 10 13 10 10 9 15 10 13 11 
10 11 14 15 11 17 9 10 15 11 
7 9 14 11 14 11 12 12 12 11 
8 10 14 9 11 13 10 15 11 7 
12 15 13 11 15 15 10 8 11 9 
10 16 13 14 17 12 17 14 9 10 
9 8 13 9 11 11 7 10 8 10 
910
--------------------------------------------------
10 10 15 10 8 11 10 8 9 7 
8 17 10 10 18 10 12 17 11 8 
8 10 16 13 15 10 15 11 16 10 
10 11 14 11 11 10 16 11 14 12 
11 12 15 16 12 18 10 11 16 12 
8 10 15 12 15 12 13 13 13 12 
9 11 15 10 12 14 11 16 12 8 
13 16 14 12 16 16 11 9 12 10 
11 17 14 15 18 13 18 15 10 11 
10 9 14 10 12 12 8 11 9 11 
1010
--------------------------------------------------
11 11 16 11 9 12 11 9 10 8 
9 18 11 11 19 11 13 18 12 9 
9 11 17 14 16 11 16 12 17 11 
11 12 15 12 12 11 17 12 15 13 
12 13 16 17 13 19 11 12 17 13 
9 11 16 13 16 13 14 14 14 13 
10 12 16 11 13 15 12 17 13 9 
14 17 15 13 17 17 12 10 13 11 
12 18 15 16 19 14 19 16 11 12 
11 10 15 11 13 13 9 12 10 12 
1110
--------------------------------------------------
12 12 17 12 10 13 12 10 11 9 
10 19 12 12 20 12 14 19 13 10 
10 12 18 15 17 12 17 13 18 12 
12 13 16 13 13 12 18 13 16 14 
13 14 17 18 14 20 12 13 18 14 
10 12 17 14 17 14 15 15 15 14 
11 13 17 12 14 16 13 18 14 10 
15 18 16 14 18 18 13 11 14 12 
13 19 16 17 20 15 20 17 12 13 
12 11 16 12 14 14 10 13 11 13 
1210
--------------------------------------------------
13 13 18 13 11 14 13 11 12 10 
11 20 13 13 21 13 15 20 14 11 
11 13 19 16 18 13 18 14 19 13 
13 14 17 14 14 13 19 14 17 15 
14 15 18 19 15 21 13 14 19 15 
11 13 18 15 18 15 16 16 16 15 
12 14 18 13 15 17 14 19 15 11 
16 19 17 15 19 19 14 12 15 13 
14 20 17 18 21 16 21 18 13 14 
13 12 17 13 15 15 11 14 12 14 
1310
--------------------------------------------------
14 14 19 14 12 15 14 12 13 11 
12 21 14 14 22 14 16 21 15 12 
12 14 20 17 19 14 19 15 20 14 
14 15 18 15 15 14 20 15 18 16 
15 16 19 20 16 22 14 15 20 16 
12 14 19 16 19 16 17 17 17 16 
13 15 19 14 16 18 15 20 16 12 
17 20 18 16 20 20 15 13 16 14 
15 21 18 19 22 17 22 19 14 15 
14 13 18 14 16 16 12 15 13 15 
1410
--------------------------------------------------
15 15 20 15 13 16 15 13 14 12 
13 22 15 15 23 15 17 22 16 13 
13 15 21 18 20 15 20 16 21 15 
15 16 19 16 16 15 21 16 19 17 
16 17 20 21 17 23 15 16 21 17 
13 15 20 17 20 17 18 18 18 17 
14 16 20 15 17 19 16 21 17 13 
18 21 19 17 21 21 16 14 17 15 
16 22 19 20 23 18 23 20 15 16 
15 14 19 15 17 17 13 16 14 16 
1510
--------------------------------------------------
16 16 21 16 14 17 16 14 15 13 
14 23 16 16 24 16 18 23 17 14 
14 16 22 19 21 16 21 17 22 16 
16 17 20 17 17 16 22 17 20 18 
17 18 21 22 18 24 16 17 22 18 
14 16 21 18 21 18 19 19 19 18 
15 17 21 16 18 20 17 22 18 14 
19 22 20 18 22 22 17 15 18 16 
17 23 20 21 24 19 24 21 16 17 
16 15 20 16 18 18 14 17 15 17 
1610
--------------------------------------------------
17 17 22 17 15 18 17 15 16 14 
15 24 17 17 25 17 19 24 18 15 
15 17 23 20 22 17 22 18 23 17 
17 18 21 18 18 17 23 18 21 19 
18 19 22 23 19 25 17 18 23 19 
15 17 22 19 22 19 20 20 20 19 
16 18 22 17 19 21 18 23 19 15 
20 23 21 19 23 23 18 16 19 17 
18 24 21 22 25 20 25 22 17 18 
17 16 21 17 19 19 15 18 16 18 
1710
--------------------------------------------------
18 18 23 18 16 19 18 16 17 15 
16 25 18 18 26 18 20 25 19 16 
16 18 24 21 23 18 23 19 24 18 
18 19 22 19 19 18 24 19 22 20 
19 20 23 24 20 26 18 19 24 20 
16 18 23 20 23 20 21 21 21 20 
17 19 23 18 20 22 19 24 20 16 
21 24 22 20 24 24 19 17 20 18 
19 25 22 23 26 21 26 23 18 19 
18 17 22 18 20 20 16 19 17 19 
1810
--------------------------------------------------
19 19 24 19 17 20 19 17 18 16 
17 26 19 19 27 19 21 26 20 17 
17 19 25 22 24 19 24 20 25 19 
19 20 23 20 20 19 25 20 23 21 
20 21 24 25 21 27 19 20 25 21 
17 19 24 21 24 21 22 22 22 21 
18 20 24 19 21 23 20 25 21 17 
22 25 23 21 25 25 20 18 21 19 
20 26 23 24 27 22 27 24 19 20 
19 18 23 19 21 21 17 20 18 20 
1910
--------------------------------------------------
20 20 25 20 18 21 20 18 19 17 
18 27 20 20 28 20 22 27 21 18 
18 20 26 23 25 20 25 21 26 20 
20 21 24 21 21 20 26 21 24 22 
21 22 25 26 22 28 20 21 26 22 
18 20 25 22 25 22 23 23 23 22 
19 21 25 20 22 24 21 26 22 18 
23 26 24 22 26 26 21 19 22 20 
21 27 24 25 28 23 28 25 20 21 
20 19 24 20 22 22 18 21 19 21 
2010
--------------------------------------------------
21 21 26 21 19 22 21 19 20 18 
19 28 21 21 29 21 23 28 22 19 
19 21 27 24 26 21 26 22 27 21 
21 22 25 22 22 21 27 22 25 23 
22 23 26 27 23 29 21 22 27 23 
19 21 26 23 26 23 24 24 24 23 
20 22 26 21 23 25 22 27 23 19 
24 27 25 23 27 27 22 20 23 21 
22 28 25 26 29 24 29 26 21 22 
21 20 25 21 23 23 19 22 20 22 
2110
--------------------------------------------------
22 22 27 22 20 23 22 20 21 19 
20 29 22 22 30 22 24 29 23 20 
20 22 28 25 27 22 27 23 28 22 
22 23 26 23 23 22 28 23 26 24 
23 24 27 28 24 30 22 23 28 24 
20 22 27 24 27 24 25 25 25 24 
21 23 27 22 24 26 23 28 24 20 
25 28 26 24 28 28 23 21 24 22 
23 29 26 27 30 25 30 27 22 23 
22 21 26 22 24 24 20 23 21 23 
2210
--------------------------------------------------
23 23 28 23 21 24 23 21 22 20 
21 30 23 23 31 23 25 30 24 21 
21 23 29 26 28 23 28 24 29 23 
23 24 27 24 24 23 29 24 27 25 
24 25 28 29 25 31 23 24 29 25 
21 23 28 25 28 25 26 26 26 25 
22 24 28 23 25 27 24 29 25 21 
26 29 27 25 29 29 24 22 25 23 
24 30 27 28 31 26 31 28 23 24 
23 22 27 23 25 25 21 24 22 24 
2310
--------------------------------------------------
24 24 29 24 22 25 24 22 23 21 
22 31 24 24 32 24 26 31 25 22 
22 24 30 27 29 24 29 25 30 24 
24 25 28 25 25 24 30 25 28 26 
25 26 29 30 26 32 24 25 30 26 
22 24 29 26 29 26 27 27 27 26 
23 25 29 24 26 28 25 30 26 22 
27 30 28 26 30 30 25 23 26 24 
25 31 28 29 32 27 32 29 24 25 
24 23 28 24 26 26 22 25 23 25 
2410
--------------------------------------------------
25 25 30 25 23 26 25 23 24 22 
23 32 25 25 33 25 27 32 26 23 
23 25 31 28 30 25 30 26 31 25 
25 26 29 26 26 25 31 26 29 27 
26 27 30 31 27 33 25 26 31 27 
23 25 30 27 30 27 28 28 28 27 
24 26 30 25 27 29 26 31 27 23 
28 31 29 27 31 31 26 24 27 25 
26 32 29 30 33 28 33 30 25 26 
25 24 29 25 27 27 23 26 24 26 
2510
--------------------------------------------------
26 26 31 26 24 27 26 24 25 23 
24 33 26 26 34 26 28 33 27 24 
24 26 32 29 31 26 31 27 32 26 
26 27 30 27 27 26 32 27 30 28 
27 28 31 32 28 34 26 27 32 28 
24 26 31 28 31 28 29 29 29 28 
25 27 31 26 28 30 27 32 28 24 
29 32 30 28 32 32 27 25 28 26 
27 33 30 31 34 29 34 31 26 27 
26 25 30 26 28 28 24 27 25 27 
2610
--------------------------------------------------
27 27 32 27 25 28 27 25 26 24 
25 34 27 27 35 27 29 34 28 25 
25 27 33 30 32 27 32 28 33 27 
27 28 31 28 28 27 33 28 31 29 
28 29 32 33 29 35 27 28 33 29 
25 27 32 29 32 29 30 30 30 29 
26 28 32 27 29 31 28 33 29 25 
30 33 31 29 33 33 28 26 29 27 
28 34 31 32 35 30 35 32 27 28 
27 26 31 27 29 29 25 28 26 28 
2710
--------------------------------------------------
28 28 33 28 26 29 28 26 27 25 
26 35 28 28 36 28 30 35 29 26 
26 28 34 31 33 28 33 29 34 28 
28 29 32 29 29 28 34 29 32 30 
29 30 33 34 30 36 28 29 34 30 
26 28 33 30 33 30 31 31 31 30 
27 29 33 28 30 32 29 34 30 26 
31 34 32 30 34 34 29 27 30 28 
29 35 32 33 36 31 36 33 28 29 
28 27 32 28 30 30 26 29 27 29 
2810
--------------------------------------------------
29 29 34 29 27 30 29 27 28 26 
27 36 29 29 37 29 31 36 30 27 
27 29 35 32 34 29 34 30 35 29 
29 30 33 30 30 29 35 30 33 31 
30 31 34 35 31 37 29 30 35 31 
27 29 34 31 34 31 32 32 32 31 
28 30 34 29 31 33 30 35 31 27 
32 35 33 31 35 35 30 28 31 29 
30 36 33 34 37 32 37 34 29 30 
29 28 33 29 31 31 27 30 28 30 
2910
--------------------------------------------------
30 30 35 30 28 31 30 28 29 27 
28 37 30 30 38 30 32 37 31 28 
28 30 36 33 35 30 35 31 36 30 
30 31 34 31 31 30 36 31 34 32 
31 32 35 36 32 38 30 31 36 32 
28 30 35 32 35 32 33 33 33 32 
29 31 35 30 32 34 31 36 32 28 
33 36 34 32 36 36 31 29 32 30 
31 37 34 35 38 33 38 35 30 31 
30 29 34 30 32 32 28 31 29 31 
3010
--------------------------------------------------
31 31 36 31 29 32 31 29 30 28 
29 38 31 31 39 31 33 38 32 29 
29 31 37 34 36 31 36 32 37 31 
31 32 35 32 32 31 37 32 35 33 
32 33 36 37 33 39 31 32 37 33 
29 31 36 33 36 33 34 34 34 33 
30 32 36 31 33 35 32 37 33 29 
34 37 35 33 37 37 32 30 33 31 
32 38 35 36 39 34 39 36 31 32 
31 30 35 31 33 33 29 32 30 32 
3110
--------------------------------------------------
32 32 37 32 30 33 32 30 31 29 
30 39 32 32 40 32 34 39 33 30 
30 32 38 35 37 32 37 33 38 32 
32 33 36 33 33 32 38 33 36 34 
33 34 37 38 34 40 32 33 38 34 
30 32 37 34 37 34 35 35 35 34 
31 33 37 32 34 36 33 38 34 30 
35 38 36 34 38 38 33 31 34 32 
33 39 36 37 40 35 40 37 32 33 
32 31 36 32 34 34 30 33 31 33 
3210
--------------------------------------------------
33 33 38 33 31 34 33 31 32 30 
31 40 33 33 41 33 35 40 34 31 
31 33 39 36 38 33 38 34 39 33 
33 34 37 34 34 33 39 34 37 35 
34 35 38 39 35 41 33 34 39 35 
31 33 38 35 38 35 36 36 36 35 
32 34 38 33 35 37 34 39 35 31 
36 39 37 35 39 39 34 32 35 33 
34 40 37 38 41 36 41 38 33 34 
33 32 37 33 35 35 31 34 32 34 
3310
--------------------------------------------------
34 34 39 34 32 35 34 32 33 31 
32 41 34 34 42 34 36 41 35 32 
32 34 40 37 39 34 39 35 40 34 
34 35 38 35 35 34 40 35 38 36 
35 36 39 40 36 42 34 35 40 36 
32 34 39 36 39 36 37 37 37 36 
33 35 39 34 36 38 35 40 36 32 
37 40 38 36 40 40 35 33 36 34 
35 41 38 39 42 37 42 39 34 35 
34 33 38 34 36 36 32 35 33 35 
3410
--------------------------------------------------
35 35 40 35 33 36 35 33 34 32 
33 42 35 35 43 35 37 42 36 33 
33 35 41 38 40 35 40 36 41 35 
35 36 39 36 36 35 41 36 39 37 
36 37 40 41 37 43 35 36 41 37 
33 35 40 37 40 37 38 38 38 37 
34 36 40 35 37 39 36 41 37 33 
38 41 39 37 41 41 36 34 37 35 
36 42 39 40 43 38 43 40 35 36 
35 34 39 35 37 37 33 36 34 36 
3510
--------------------------------------------------
36 36 41 36 34 37 36 34 35 33 
34 43 36 36 44 36 38 43 37 34 
34 36 42 39 41 36 41 37 42 36 
36 37 40 37 37 36 42 37 40 38 
37 38 41 42 38 44 36 37 42 38 
34 36 41 38 41 38 39 39 39 38 
35 37 41 36 38 40 37 42 38 34 
39 42 40 38 42 42 37 35 38 36 
37 43 40 41 44 39 44 41 36 37 
36 35 40 36 38 38 34 37 35 37 
3610
--------------------------------------------------
37 37 42 37 35 38 37 35 36 34 
35 44 37 37 45 37 39 44 38 35 
35 37 43 40 42 37 42 38 43 37 
37 38 41 38 38 37 43 38 41 39 
38 39 42 43 39 45 37 38 43 39 
35 37 42 39 42 39 40 40 40 39 
36 38 42 37 39 41 38 43 39 35 
40 43 41 39 43 43 38 36 39 37 
38 44 41 42 45 40 45 42 37 38 
37 36 41 37 39 39 35 38 36 38 
3710
--------------------------------------------------
38 38 43 38 36 39 38 36 37 35 
36 45 38 38 46 38 40 45 39 36 
36 38 44 41 43 38 43 39 44 38 
38 39 42 39 39 38 44 39 42 40 
39 40 43 44 40 46 38 39 44 40 
36 38 43 40 43 40 41 41 41 40 
37 39 43 38 40 42 39 44 40 36 
41 44 42 40 44 44 39 37 40 38 
39 45 42 43 46 41 46 43 38 39 
38 37 42 38 40 40 36 39 37 39 
3810
--------------------------------------------------
39 39 44 39 37 40 39 37 38 36 
37 46 39 39 47 39 41 46 40 37 
37 39 45 42 44 39 44 40 45 39 
39 40 43 40 40 39 45 40 43 41 
40 41 44 45 41 47 39 40 45 41 
37 39 44 41 44 41 42 42 42 41 
38 40 44 39 41 43 40 45 41 37 
42 45 43 41 45 45 40 38 41 39 
40 46 43 44 47 42 47 44 39 40 
39 38 43 39 41 41 37 40 38 40 
3910
--------------------------------------------------
40 40 45 40 38 41 40 38 39 37 
38 47 40 40 48 40 42 47 41 38 
38 40 46 43 45 40 45 41 46 40 
40 41 44 41 41 40 46 41 44 42 
41 42 45 46 42 48 40 41 46 42 
38 40 45 42 45 42 43 43 43 42 
39 41 45 40 42 44 41 46 42 38 
43 46 44 42 46 46 41 39 42 40 
41 47 44 45 48 43 48 45 40 41 
40 39 44 40 42 42 38 41 39 41 
4010
--------------------------------------------------
41 41 46 41 39 42 41 39 40 38 
39 48 41 41 49 41 43 48 42 39 
39 41 47 44 46 41 46 42 47 41 
41 42 45 42 42 41 47 42 45 43 
42 43 46 47 43 49 41 42 47 43 
39 41 46 43 46 43 44 44 44 43 
40 42 46 41 43 45 42 47 43 39 
44 47 45 43 47 47 42 40 43 41 
42 48 45 46 49 44 49 46 41 42 
41 40 45 41 43 43 39 42 40 42 
4110
--------------------------------------------------
42 42 47 42 40 43 42 40 41 39 
40 49 42 42 50 42 44 49 43 40 
40 42 48 45 47 42 47 43 48 42 
42 43 46 43 43 42 48 43 46 44 
43 44 47 48 44 50 42 43 48 44 
40 42 47 44 47 44 45 45 45 44 
41 43 47 42 44 46 43 48 44 40 
45 48 46 44 48 48 43 41 44 42 
43 49 46 47 50 45 50 47 42 43 
42 41 46 42 44 44 40 43 41 43 
4210
--------------------------------------------------
43 43 48 43 41 44 43 41 42 40 
41 50 43 43 51 43 45 50 44 41 
41 43 49 46 48 43 48 44 49 43 
43 44 47 44 44 43 49 44 47 45 
44 45 48 49 45 51 43 44 49 45 
41 43 48 45 48 45 46 46 46 45 
42 44 48 43 45 47 44 49 45 41 
46 49 47 45 49 49 44 42 45 43 
44 50 47 48 51 46 51 48 43 44 
43 42 47 43 45 45 41 44 42 44 
4310
--------------------------------------------------
44 44 49 44 42 45 44 42 43 41 
42 51 44 44 52 44 46 51 45 42 
42 44 50 47 49 44 49 45 50 44 
44 45 48 45 45 44 50 45 48 46 
45 46 49 50 46 52 44 45 50 46 
42 44 49 46 49 46 47 47 47 46 
43 45 49 44 46 48 45 50 46 42 
47 50 48 46 50 50 45 43 46 44 
45 51 48 49 52 47 52 49 44 45 
44 43 48 44 46 46 42 45 43 45 
4410
--------------------------------------------------
45 45 50 45 43 46 45 43 44 42 
43 52 45 45 53 45 47 52 46 43 
43 45 51 48 50 45 50 46 51 45 
45 46 49 46 46 45 51 46 49 47 
46 47 50 51 47 53 45 46 51 47 
43 45 50 47 50 47 48 48 48 47 
44 46 50 45 47 49 46 51 47 43 
48 51 49 47 51 51 46 44 47 45 
46 52 49 50 53 48 53 50 45 46 
45 44 49 45 47 47 43 46 44 46 
4510
--------------------------------------------------
46 46 51 46 44 47 46 44 45 43 
44 53 46 46 54 46 48 53 47 44 
44 46 52 49 51 46 51 47 52 46 
46 47 50 47 47 46 52 47 50 48 
47 48 51 52 48 54 46 47 52 48 
44 46 51 48 51 48 49 49 49 48 
45 47 51 46 48 50 47 52 48 44 
49 52 50 48 52 52 47 45 48 46 
47 53 50 51 54 49 54 51 46 47 
46 45 50 46 48 48 44 47 45 47 
4610
--------------------------------------------------
47 47 52 47 45 48 47 45 46 44 
45 54 47 47 55 47 49 54 48 45 
45 47 53 50 52 47 52 48 53 47 
47 48 51 48 48 47 53 48 51 49 
48 49 52 53 49 55 47 48 53 49 
45 47 52 49 52 49 50 50 50 49 
46 48 52 47 49 51 48 53 49 45 
50 53 51 49 53 53 48 46 49 47 
48 54 51 52 55 50 55 52 47 48 
47 46 51 47 49 49 45 48 46 48 
4710
--------------------------------------------------
48 48 53 48 46 49 48 46 47 45 
46 55 48 48 56 48 50 55 49 46 
46 48 54 51 53 48 53 49 54 48 
48 49 52 49 49 48 54 49 52 50 
49 50 53 54 50 56 48 49 54 50 
46 48 53 50 53 50 51 51 51 50 
47 49 53 48 50 52 49 54 50 46 
51 54 52 50 54 54 49 47 50 48 
49 55 52 53 56 51 56 53 48 49 
48 47 52 48 50 50 46 49 47 49 
4810
--------------------------------------------------
49 49 54 49 47 50 49 47 48 46 
47 56 49 49 57 49 51 56 50 47 
47 49 55 52 54 49 54 50 55 49 
49 50 53 50 50 49 55 50 53 51 
50 51 54 55 51 57 49 50 55 51 
47 49 54 51 54 51 52 52 52 51 
48 50 54 49 51 53 50 55 51 47 
52 55 53 51 55 55 50 48 51 49 
50 56 53 54 57 52 57 54 49 50 
49 48 53 49 51 51 47 50 48 50 
4910
--------------------------------------------------
50 50 55 50 48 51 50 48 49 47 
48 57 50 50 58 50 52 57 51 48 
48 50 56 53 55 50 55 51 56 50 
50 51 54 51 51 50 56 51 54 52 
51 52 55 56 52 58 50 51 56 52 
48 50 55 52 55 52 53 53 53 52 
49 51 55 50 52 54 51 56 52 48 
53 56 54 52 56 56 51 49 52 50 
51 57 54 55 58 53 58 55 50 51 
50 49 54 50 52 52 48 51 49 51 
5010
--------------------------------------------------
51 51 56 51 49 52 51 49 50 48 
49 58 51 51 59 51 53 58 52 49 
49 51 57 54 56 51 56 52 57 51 
51 52 55 52 52 51 57 52 55 53 
52 53 56 57 53 59 51 52 57 53 
49 51 56 53 56 53 54 54 54 53 
50 52 56 51 53 55 52 57 53 49 
54 57 55 53 57 57 52 50 53 51 
52 58 55 56 59 54 59 56 51 52 
51 50 55 51 53 53 49 52 50 52 
5110
--------------------------------------------------
52 52 57 52 50 53 52 50 51 49 
50 59 52 52 60 52 54 59 53 50 
50 52 58 55 57 52 57 53 58 52 
52 53 56 53 53 52 58 53 56 54 
53 54 57 58 54 60 52 53 58 54 
50 52 57 54 57 54 55 55 55 54 
51 53 57 52 54 56 53 58 54 50 
55 58 56 54 58 58 53 51 54 52 
53 59 56 57 60 55 60 57 52 53 
52 51 56 52 54 54 50 53 51 53 
5210
--------------------------------------------------
53 53 58 53 51 54 53 51 52 50 
51 60 53 53 61 53 55 60 54 51 
51 53 59 56 58 53 58 54 59 53 
53 54 57 54 54 53 59 54 57 55 
54 55 58 59 55 61 53 54 59 55 
51 53 58 55 58 55 56 56 56 55 
52 54 58 53 55 57 54 59 55 51 
56 59 57 55 59 59 54 52 55 53 
54 60 57 58 61 56 61 58 53 54 
53 52 57 53 55 55 51 54 52 54 
5310
--------------------------------------------------
54 54 59 54 52 55 54 52 53 51 
52 61 54 54 62 54 56 61 55 52 
52 54 60 57 59 54 59 55 60 54 
54 55 58 55 55 54 60 55 58 56 
55 56 59 60 56 62 54 55 60 56 
52 54 59 56 59 56 57 57 57 56 
53 55 59 54 56 58 55 60 56 52 
57 60 58 56 60 60 55 53 56 54 
55 61 58 59 62 57 62 59 54 55 
54 53 58 54 56 56 52 55 53 55 
5410
--------------------------------------------------
55 55 60 55 53 56 55 53 54 52 
53 62 55 55 63 55 57 62 56 53 
53 55 61 58 60 55 60 56 61 55 
55 56 59 56 56 55 61 56 59 57 
56 57 60 61 57 63 55 56 61 57 
53 55 60 57 60 57 58 58 58 57 
54 56 60 55 57 59 56 61 57 53 
58 61 59 57 61 61 56 54 57 55 
56 62 59 60 63 58 63 60 55 56 
55 54 59 55 57 57 53 56 54 56 
5510
--------------------------------------------------
56 56 61 56 54 57 56 54 55 53 
54 63 56 56 64 56 58 63 57 54 
54 56 62 59 61 56 61 57 62 56 
56 57 60 57 57 56 62 57 60 58 
57 58 61 62 58 64 56 57 62 58 
54 56 61 58 61 58 59 59 59 58 
55 57 61 56 58 60 57 62 58 54 
59 62 60 58 62 62 57 55 58 56 
57 63 60 61 64 59 64 61 56 57 
56 55 60 56 58 58 54 57 55 57 
5610
--------------------------------------------------
57 57 62 57 55 58 57 55 56 54 
55 64 57 57 65 57 59 64 58 55 
55 57 63 60 62 57 62 58 63 57 
57 58 61 58 58 57 63 58 61 59 
58 59 62 63 59 65 57 58 63 59 
55 57 62 59 62 59 60 60 60 59 
56 58 62 57 59 61 58 63 59 55 
60 63 61 59 63 63 58 56 59 57 
58 64 61 62 65 60 65 62 57 58 
57 56 61 57 59 59 55 58 56 58 
5710
--------------------------------------------------
58 58 63 58 56 59 58 56 57 55 
56 65 58 58 66 58 60 65 59 56 
56 58 64 61 63 58 63 59 64 58 
58 59 62 59 59 58 64 59 62 60 
59 60 63 64 60 66 58 59 64 60 
56 58 63 60 63 60 61 61 61 60 
57 59 63 58 60 62 59 64 60 56 
61 64 62 60 64 64 59 57 60 58 
59 65 62 63 66 61 66 63 58 59 
58 57 62 58 60 60 56 59 57 59 
5810
--------------------------------------------------
59 59 64 59 57 60 59 57 58 56 
57 66 59 59 67 59 61 66 60 57 
57 59 65 62 64 59 64 60 65 59 
59 60 63 60 60 59 65 60 63 61 
60 61 64 65 61 67 59 60 65 61 
57 59 64 61 64 61 62 62 62 61 
58 60 64 59 61 63 60 65 61 57 
62 65 63 61 65 65 60 58 61 59 
60 66 63 64 67 62 67 64 59 60 
59 58 63 59 61 61 57 60 58 60 
5910
--------------------------------------------------
60 60 65 60 58 61 60 58 59 57 
58 67 60 60 68 60 62 67 61 58 
58 60 66 63 65 60 65 61 66 60 
60 61 64 61 61 60 66 61 64 62 
61 62 65 66 62 68 60 61 66 62 
58 60 65 62 65 62 63 63 63 62 
59 61 65 60 62 64 61 66 62 58 
63 66 64 62 66 66 61 59 62 60 
61 67 64 65 68 63 68 65 60 61 
60 59 64 60 62 62 58 61 59 61 
6010
--------------------------------------------------
61 61 66 61 59 62 61 59 60 58 
59 68 61 61 69 61 63 68 62 59 
59 61 67 64 66 61 66 62 67 61 
61 62 65 62 62 61 67 62 65 63 
62 63 66 67 63 69 61 62 67 63 
59 61 66 63 66 63 64 64 64 63 
60 62 66 61 63 65 62 67 63 59 
64 67 65 63 67 67 62 60 63 61 
62 68 65 66 69 64 69 66 61 62 
61 60 65 61 63 63 59 62 60 62 
6110
--------------------------------------------------
62 62 67 62 60 63 62 60 61 59 
60 69 62 62 70 62 64 69 63 60 
60 62 68 65 67 62 67 63 68 62 
62 63 66 63 63 62 68 63 66 64 
63 64 67 68 64 70 62 63 68 64 
60 62 67 64 67 64 65 65 65 64 
61 63 67 62 64 66 63 68 64 60 
65 68 66 64 68 68 63 61 64 62 
63 69 66 67 70 65 70 67 62 63 
62 61 66 62 64 64 60 63 61 63 
6210
--------------------------------------------------
63 63 68 63 61 64 63 61 62 60 
61 70 63 63 71 63 65 70 64 61 
61 63 69 66 68 63 68 64 69 63 
63 64 67 64 64 63 69 64 67 65 
64 65 68 69 65 71 63 64 69 65 
61 63 68 65 68 65 66 66 66 65 
62 64 68 63 65 67 64 69 65 61 
66 69 67 65 69 69 64 62 65 63 
64 70 67 68 71 66 71 68 63 64 
63 62 67 63 65 65 61 64 62 64 
6310
--------------------------------------------------
64 64 69 64 62 65 64 62 63 61 
62 71 64 64 72 64 66 71 65 62 
62 64 70 67 69 64 69 65 70 64 
64 65 68 65 65 64 70 65 68 66 
65 66 69 70 66 72 64 65 70 66 
62 64 69 66 69 66 67 67 67 66 
63 65 69 64 66 68 65 70 66 62 
67 70 68 66 70 70 65 63 66 64 
65 71 68 69 72 67 72 69 64 65 
64 63 68 64 66 66 62 65 63 65 
6410
--------------------------------------------------
65 65 70 65 63 66 65 63 64 62 
63 72 65 65 73 65 67 72 66 63 
63 65 71 68 70 65 70 66 71 65 
65 66 69 66 66 65 71 66 69 67 
66 67 70 71 67 73 65 66 71 67 
63 65 70 67 70 67 68 68 68 67 
64 66 70 65 67 69 66 71 67 63 
68 71 69 67 71 71 66 64 67 65 
66 72 69 70 73 68 73 70 65 66 
65 64 69 65 67 67 63 66 64 66 
6510
--------------------------------------------------
66 66 71 66 64 67 66 64 65 63 
64 73 66 66 74 66 68 73 67 64 
64 66 72 69 71 66 71 67 72 66 
66 67 70 67 67 66 72 67 70 68 
67 68 71 72 68 74 66 67 72 68 
64 66 71 68 71 68 69 69 69 68 
65 67 71 66 68 70 67 72 68 64 
69 72 70 68 72 72 67 65 68 66 
67 73 70 71 74 69 74 71 66 67 
66 65 70 66 68 68 64 67 65 67 
6610
--------------------------------------------------
67 67 72 67 65 68 67 65 66 64 
65 74 67 67 75 67 69 74 68 65 
65 67 73 70 72 67 72 68 73 67 
67 68 71 68 68 67 73 68 71 69 
68 69 72 73 69 75 67 68 73 69 
65 67 72 69 72 69 70 70 70 69 
66 68 72 67 69 71 68 73 69 65 
70 73 71 69 73 73 68 66 69 67 
68 74 71 72 75 70 75 72 67 68 
67 66 71 67 69 69 65 68 66 68 
6710
--------------------------------------------------
68 68 73 68 66 69 68 66 67 65 
66 75 68 68 76 68 70 75 69 66 
66 68 74 71 73 68 73 69 74 68 
68 69 72 69 69 68 74 69 72 70 
69 70 73 74 70 76 68 69 74 70 
66 68 73 70 73 70 71 71 71 70 
67 69 73 68 70 72 69 74 70 66 
71 74 72 70 74 74 69 67 70 68 
69 75 72 73 76 71 76 73 68 69 
68 67 72 68 70 70 66 69 67 69 
6810
--------------------------------------------------
69 69 74 69 67 70 69 67 68 66 
67 76 69 69 77 69 71 76 70 67 
67 69 75 72 74 69 74 70 75 69 
69 70 73 70 70 69 75 70 73 71 
70 71 74 75 71 77 69 70 75 71 
67 69 74 71 74 71 72 72 72 71 
68 70 74 69 71 73 70 75 71 67 
72 75 73 71 75 75 70 68 71 69 
70 76 73 74 77 72 77 74 69 70 
69 68 73 69 71 71 67 70 68 70 
6910
--------------------------------------------------
70 70 75 70 68 71 70 68 69 67 
68 77 70 70 78 70 72 77 71 68 
68 70 76 73 75 70 75 71 76 70 
70 71 74 71 71 70 76 71 74 72 
71 72 75 76 72 78 70 71 76 72 
68 70 75 72 75 72 73 73 73 72 
69 71 75 70 72 74 71 76 72 68 
73 76 74 72 76 76 71 69 72 70 
71 77 74 75 78 73 78 75 70 71 
70 69 74 70 72 72 68 71 69 71 
7010
--------------------------------------------------
71 71 76 71 69 72 71 69 70 68 
69 78 71 71 79 71 73 78 72 69 
69 71 77 74 76 71 76 72 77 71 
71 72 75 72 72 71 77 72 75 73 
72 73 76 77 73 79 71 72 77 73 
69 71 76 73 76 73 74 74 74 73 
70 72 76 71 73 75 72 77 73 69 
74 77 75 73 77 77 72 70 73 71 
72 78 75 76 79 74 79 76 71 72 
71 70 75 71 73 73 69 72 70 72 
7110
--------------------------------------------------
72 72 77 72 70 73 72 70 71 69 
70 79 72 72 80 72 74 79 73 70 
70 72 78 75 77 72 77 73 78 72 
72 73 76 73 73 72 78 73 76 74 
73 74 77 78 74 80 72 73 78 74 
70 72 77 74 77 74 75 75 75 74 
71 73 77 72 74 76 73 78 74 70 
75 78 76 74 78 78 73 71 74 72 
73 79 76 77 80 75 80 77 72 73 
72 71 76 72 74 74 70 73 71 73 
7210
--------------------------------------------------
73 73 78 73 71 74 73 71 72 70 
71 80 73 73 81 73 75 80 74 71 
71 73 79 76 78 73 78 74 79 73 
73 74 77 74 74 73 79 74 77 75 
74 75 78 79 75 81 73 74 79 75 
71 73 78 75 78 75 76 76 76 75 
72 74 78 73 75 77 74 79 75 71 
76 79 77 75 79 79 74 72 75 73 
74 80 77 78 81 76 81 78 73 74 
73 72 77 73 75 75 71 74 72 74 
7310
--------------------------------------------------
74 74 79 74 72 75 74 72 73 71 
72 81 74 74 82 74 76 81 75 72 
72 74 80 77 79 74 79 75 80 74 
74 75 78 75 75 74 80 75 78 76 
75 76 79 80 76 82 74 75 80 76 
72 74 79 76 79 76 77 77 77 76 
73 75 79 74 76 78 75 80 76 72 
77 80 78 76 80 80 75 73 76 74 
75 81 78 79 82 77 82 79 74 75 
74 73 78 74 76 76 72 75 73 75 
7410
--------------------------------------------------
75 75 80 75 73 76 75 73 74 72 
73 82 75 75 83 75 77 82 76 73 
73 75 81 78 80 75 80 76 81 75 
75 76 79 76 76 75 81 76 79 77 
76 77 80 81 77 83 75 76 81 77 
73 75 80 77 80 77 78 78 78 77 
74 76 80 75 77 79 76 81 77 73 
78 81 79 77 81 81 76 74 77 75 
76 82 79 80 83 78 83 80 75 76 
75 74 79 75 77 77 73 76 74 76 
7510
--------------------------------------------------
76 76 81 76 74 77 76 74 75 73 
74 83 76 76 84 76 78 83 77 74 
74 76 82 79 81 76 81 77 82 76 
76 77 80 77 77 76 82 77 80 78 
77 78 81 82 78 84 76 77 82 78 
74 76 81 78 81 78 79 79 79 78 
75 77 81 76 78 80 77 82 78 74 
79 82 80 78 82 82 77 75 78 76 
77 83 80 81 84 79 84 81 76 77 
76 75 80 76 78 78 74 77 75 77 
7610
--------------------------------------------------
77 77 82 77 75 78 77 75 76 74 
75 84 77 77 85 77 79 84 78 75 
75 77 83 80 82 77 82 78 83 77 
77 78 81 78 78 77 83 78 81 79 
78 79 82 83 79 85 77 78 83 79 
75 77 82 79 82 79 80 80 80 79 
76 78 82 77 79 81 78 83 79 75 
80 83 81 79 83 83 78 76 79 77 
78 84 81 82 85 80 85 82 77 78 
77 76 81 77 79 79 75 78 76 78 
7710
--------------------------------------------------
78 78 83 78 76 79 78 76 77 75 
76 85 78 78 86 78 80 85 79 76 
76 78 84 81 83 78 83 79 84 78 
78 79 82 79 79 78 84 79 82 80 
79 80 83 84 80 86 78 79 84 80 
76 78 83 80 83 80 81 81 81 80 
77 79 83 78 80 82 79 84 80 76 
81 84 82 80 84 84 79 77 80 78 
79 85 82 83 86 81 86 83 78 79 
78 77 82 78 80 80 76 79 77 79 
7810
--------------------------------------------------
79 79 84 79 77 80 79 77 78 76 
77 86 79 79 87 79 81 86 80 77 
77 79 85 82 84 79 84 80 85 79 
79 80 83 80 80 79 85 80 83 81 
80 81 84 85 81 87 79 80 85 81 
77 79 84 81 84 81 82 82 82 81 
78 80 84 79 81 83 80 85 81 77 
82 85 83 81 85 85 80 78 81 79 
80 86 83 84 87 82 87 84 79 80 
79 78 83 79 81 81 77 80 78 80 
7910
--------------------------------------------------
80 80 85 80 78 81 80 78 79 77 
78 87 80 80 88 80 82 87 81 78 
78 80 86 83 85 80 85 81 86 80 
80 81 84 81 81 80 86 81 84 82 
81 82 85 86 82 88 80 81 86 82 
78 80 85 82 85 82 83 83 83 82 
79 81 85 80 82 84 81 86 82 78 
83 86 84 82 86 86 81 79 82 80 
81 87 84 85 88 83 88 85 80 81 
80 79 84 80 82 82 78 81 79 81 
8010
--------------------------------------------------
81 81 86 81 79 82 81 79 80 78 
79 88 81 81 89 81 83 88 82 79 
79 81 87 84 86 81 86 82 87 81 
81 82 85 82 82 81 87 82 85 83 
82 83 86 87 83 89 81 82 87 83 
79 81 86 83 86 83 84 84 84 83 
80 82 86 81 83 85 82 87 83 79 
84 87 85 83 87 87 82 80 83 81 
82 88 85 86 89 84 89 86 81 82 
81 80 85 81 83 83 79 82 80 82 
8110
--------------------------------------------------
82 82 87 82 80 83 82 80 81 79 
80 89 82 82 90 82 84 89 83 80 
80 82 88 85 87 82 87 83 88 82 
82 83 86 83 83 82 88 83 86 84 
83 84 87 88 84 90 82 83 88 84 
80 82 87 84 87 84 85 85 85 84 
81 83 87 82 84 86 83 88 84 80 
85 88 86 84 88 88 83 81 84 82 
83 89 86 87 90 85 90 87 82 83 
82 81 86 82 84 84 80 83 81 83 
8210
--------------------------------------------------
83 83 88 83 81 84 83 81 82 80 
81 90 83 83 91 83 85 90 84 81 
81 83 89 86 88 83 88 84 89 83 
83 84 87 84 84 83 89 84 87 85 
84 85 88 89 85 91 83 84 89 85 
81 83 88 85 88 85 86 86 86 85 
82 84 88 83 85 87 84 89 85 81 
86 89 87 85 89 89 84 82 85 83 
84 90 87 88 91 86 91 88 83 84 
83 82 87 83 85 85 81 84 82 84 
8310
--------------------------------------------------
84 84 89 84 82 85 84 82 83 81 
82 91 84 84 92 84 86 91 85 82 
82 84 90 87 89 84 89 85 90 84 
84 85 88 85 85 84 90 85 88 86 
85 86 89 90 86 92 84 85 90 86 
82 84 89 86 89 86 87 87 87 86 
83 85 89 84 86 88 85 90 86 82 
87 90 88 86 90 90 85 83 86 84 
85 91 88 89 92 87 92 89 84 85 
84 83 88 84 86 86 82 85 83 85 
8410
--------------------------------------------------
85 85 90 85 83 86 85 83 84 82 
83 92 85 85 93 85 87 92 86 83 
83 85 91 88 90 85 90 86 91 85 
85 86 89 86 86 85 91 86 89 87 
86 87 90 91 87 93 85 86 91 87 
83 85 90 87 90 87 88 88 88 87 
84 86 90 85 87 89 86 91 87 83 
88 91 89 87 91 91 86 84 87 85 
86 92 89 90 93 88 93 90 85 86 
85 84 89 85 87 87 83 86 84 86 
8510
--------------------------------------------------
86 86 91 86 84 87 86 84 85 83 
84 93 86 86 94 86 88 93 87 84 
84 86 92 89 91 86 91 87 92 86 
86 87 90 87 87 86 92 87 90 88 
87 88 91 92 88 94 86 87 92 88 
84 86 91 88 91 88 89 89 89 88 
85 87 91 86 88 90 87 92 88 84 
89 92 90 88 92 92 87 85 88 86 
87 93 90 91 94 89 94 91 86 87 
86 85 90 86 88 88 84 87 85 87 
8610
--------------------------------------------------
87 87 92 87 85 88 87 85 86 84 
85 94 87 87 95 87 89 94 88 85 
85 87 93 90 92 87 92 88 93 87 
87 88 91 88 88 87 93 88 91 89 
88 89 92 93 89 95 87 88 93 89 
85 87 92 89 92 89 90 90 90 89 
86 88 92 87 89 91 88 93 89 85 
90 93 91 89 93 93 88 86 89 87 
88 94 91 92 95 90 95 92 87 88 
87 86 91 87 89 89 85 88 86 88 
8710
--------------------------------------------------
88 88 93 88 86 89 88 86 87 85 
86 95 88 88 96 88 90 95 89 86 
86 88 94 91 93 88 93 89 94 88 
88 89 92 89 89 88 94 89 92 90 
89 90 93 94 90 96 88 89 94 90 
86 88 93 90 93 90 91 91 91 90 
87 89 93 88 90 92 89 94 90 86 
91 94 92 90 94 94 89 87 90 88 
89 95 92 93 96 91 96 93 88 89 
88 87 92 88 90 90 86 89 87 89 
8810
--------------------------------------------------
89 89 94 89 87 90 89 87 88 86 
87 96 89 89 97 89 91 96 90 87 
87 89 95 92 94 89 94 90 95 89 
89 90 93 90 90 89 95 90 93 91 
90 91 94 95 91 97 89 90 95 91 
87 89 94 91 94 91 92 92 92 91 
88 90 94 89 91 93 90 95 91 87 
92 95 93 91 95 95 90 88 91 89 
90 96 93 94 97 92 97 94 89 90 
89 88 93 89 91 91 87 90 88 90 
8910
--------------------------------------------------
90 90 95 90 88 91 90 88 89 87 
88 97 90 90 98 90 92 97 91 88 
88 90 96 93 95 90 95 91 96 90 
90 91 94 91 91 90 96 91 94 92 
91 92 95 96 92 98 90 91 96 92 
88 90 95 92 95 92 93 93 93 92 
89 91 95 90 92 94 91 96 92 88 
93 96 94 92 96 96 91 89 92 90 
91 97 94 95 98 93 98 95 90 91 
90 89 94 90 92 92 88 91 89 91 
9010
--------------------------------------------------
91 91 96 91 89 92 91 89 90 88 
89 98 91 91 99 91 93 98 92 89 
89 91 97 94 96 91 96 92 97 91 
91 92 95 92 92 91 97 92 95 93 
92 93 96 97 93 99 91 92 97 93 
89 91 96 93 96 93 94 94 94 93 
90 92 96 91 93 95 92 97 93 89 
94 97 95 93 97 97 92 90 93 91 
92 98 95 96 99 94 99 96 91 92 
91 90 95 91 93 93 89 92 90 92 
9110
--------------------------------------------------
92 92 97 92 90 93 92 90 91 89 
90 99 92 92 100 92 94 99 93 90 
90 92 98 95 97 92 97 93 98 92 
92 93 96 93 93 92 98 93 96 94 
93 94 97 98 94 100 92 93 98 94 
90 92 97 94 97 94 95 95 95 94 
91 93 97 92 94 96 93 98 94 90 
95 98 96 94 98 98 93 91 94 92 
93 99 96 97 100 95 100 97 92 93 
92 91 96 92 94 94 90 93 91 93 
9210
--------------------------------------------------
93 93 98 93 91 94 93 91 92 90 
91 100 93 93 101 93 95 100 94 91 
91 93 99 96 98 93 98 94 99 93 
93 94 97 94 94 93 99 94 97 95 
94 95 98 99 95 101 93 94 99 95 
91 93 98 95 98 95 96 96 96 95 
92 94 98 93 95 97 94 99 95 91 
96 99 97 95 99 99 94 92 95 93 
94 100 97 98 101 96 101 98 93 94 
93 92 97 93 95 95 91 94 92 94 
9310
--------------------------------------------------
94 94 99 94 92 95 94 92 93 91 
92 101 94 94 102 94 96 101 95 92 
92 94 100 97 99 94 99 95 100 94 
94 95 98 95 95 94 100 95 98 96 
95 96 99 100 96 102 94 95 100 96 
92 94 99 96 99 96 97 97 97 96 
93 95 99 94 96 98 95 100 96 92 
97 100 98 96 100 100 95 93 96 94 
95 101 98 99 102 97 102 99 94 95 
94 93 98 94 96 96 92 95 93 95 
9410
--------------------------------------------------
95 95 100 95 93 96 95 93 94 92 
93 102 95 95 103 95 97 102 96 93 
93 95 101 98 100 95 100 96 101 95 
95 96 99 96 96 95 101 96 99 97 
96 97 100 101 97 103 95 96 101 97 
93 95 100 97 100 97 98 98 98 97 
94 96 100 95 97 99 96 101 97 93 
98 101 99 97 101 101 96 94 97 95 
96 102 99 100 103 98 103 100 95 96 
95 94 99 95 97 97 93 96 94 96 
9510
--------------------------------------------------
96 96 101 96 94 97 96 94 95 93 
94 103 96 96 104 96 98 103 97 94 
94 96 102 99 101 96 101 97 102 96 
96 97 100 97 97 96 102 97 100 98 
97 98 101 102 98 104 96 97 102 98 
94 96 101 98 101 98 99 99 99 98 
95 97 101 96 98 100 97 102 98 94 
99 102 100 98 102 102 97 95 98 96 
97 103 100 101 104 99 104 101 96 97 
96 95 100 96 98 98 94 97 95 97 
9610
--------------------------------------------------
97 97 102 97 95 98 97 95 96 94 
95 104 97 97 105 97 99 104 98 95 
95 97 103 100 102 97 102 98 103 97 
97 98 101 98 98 97 103 98 101 99 
98 99 102 103 99 105 97 98 103 99 
95 97 102 99 102 99 100 100 100 99 
96 98 102 97 99 101 98 103 99 95 
100 103 101 99 103 103 98 96 99 97 
98 104 101 102 105 100 105 102 97 98 
97 96 101 97 99 99 95 98 96 98 
9710
--------------------------------------------------
98 98 103 98 96 99 98 96 97 95 
96 105 98 98 106 98 100 105 99 96 
96 98 104 101 103 98 103 99 104 98 
98 99 102 99 99 98 104 99 102 100 
99 100 103 104 100 106 98 99 104 100 
96 98 103 100 103 100 101 101 101 100 
97 99 103 98 100 102 99 104 100 96 
101 104 102 100 104 104 99 97 100 98 
99 105 102 103 106 101 106 103 98 99 
98 97 102 98 100 100 96 99 97 99 
9810
--------------------------------------------------
